t,plant,axis,Tsoil,volume,nitrates,Conc_Nitrates_Soil,mineralisation
0,1,MS,5.7000000000,1,1290113.7349000000,1290113.7349000000,0.0023300000
1,1,MS,4.3083300000,1,1289665.1503500000,1289665.1503500000,0.0020700000
2,1,MS,3.3833300000,1,1289113.6737599999,1289113.6737599999,0.0019100000
3,1,MS,3.9083300000,1,1288411.2121100000,1288411.2121100000,0.0020000000
4,1,MS,2.9166700000,1,1287681.7753999999,1287681.7753999999,0.0018300000
5,1,MS,1.6416700000,1,1286973.5116699999,1286973.5116699999,0.0016400000
6,1,MS,3.5916700000,1,1286089.8876199999,1286089.8876199999,0.0019400000
7,1,MS,7.9166700000,1,1284760.3146700000,1284760.3146700000,0.0028100000
8,1,MS,10.3500000000,1,1283104.4498999999,1283104.4498999999,0.0034400000
9,1,MS,12.4583300000,1,1281088.0943000000,1281088.0943000000,0.0040800000
10,1,MS,13.9166700000,1,1278818.1588000001,1278818.1588000001,0.0045900000
11,1,MS,15.1250000000,1,1276263.9632800000,1276263.9632800000,0.0050500000
12,1,MS,16.1500000000,1,1273501.6368600000,1273501.6368600000,0.0054800000
13,1,MS,16.3250000000,1,1270630.0451900000,1270630.0451900000,0.0055500000
14,1,MS,16.0750000000,1,1267814.5082600000,1267814.5082600000,0.0054500000
15,1,MS,15.6250000000,1,1265027.7306800000,1265027.7306800000,0.0052600000
16,1,MS,14.8166700000,1,1262412.5792799999,1262412.5792799999,0.0049300000
17,1,MS,13.9833300000,1,1259916.2510599999,1259916.2510599999,0.0046100000
18,1,MS,13.3666700000,1,1257548.9446800000,1257548.9446800000,0.0043900000
19,1,MS,13.4083300000,1,1255147.1924600000,1255147.1924600000,0.0044100000
20,1,MS,12.7000000000,1,1252903.4242600000,1252903.4242600000,0.0041600000
21,1,MS,10.3166700000,1,1251047.0828199999,1251047.0828199999,0.0034300000
22,1,MS,8.6916700000,1,1249438.6620100001,1249438.6620100001,0.0030000000
23,1,MS,7.8000000000,1,1247943.6043799999,1247943.6043799999,0.0027800000
24,1,MS,8.4500000000,1,1246382.1890799999,1246382.1890799999,0.0029400000
25,1,MS,8.2500000000,1,1244847.7439500000,1244847.7439500000,0.0028900000
26,1,MS,8.8000000000,1,1243261.9726199999,1243261.9726199999,0.0030200000
27,1,MS,9.3666700000,1,1241603.4108500001,1241603.4108500001,0.0031700000
28,1,MS,8.7000000000,1,1240055.7869100000,1240055.7869100000,0.0030000000
29,1,MS,8.5166700000,1,1238535.2803499999,1238535.2803499999,0.0029500000
30,1,MS,10.4083300000,1,1236786.7253399999,1236786.7253399999,0.0034500000
31,1,MS,12.9416700000,1,1234646.8426399999,1234646.8426399999,0.0042400000
32,1,MS,14.3250000000,1,1232315.4502699999,1232315.4502699999,0.0047400000
33,1,MS,14.1500000000,1,1230021.6821399999,1230021.6821399999,0.0046800000
34,1,MS,15.6166700000,1,1227505.9345700000,1227505.9345700000,0.0052500000
35,1,MS,16.6500000000,1,1224768.8707000001,1224768.8707000001,0.0057000000
36,1,MS,17.2166700000,1,1221968.7483600001,1221968.7483600001,0.0059600000
37,1,MS,16.8166700000,1,1219224.9383500000,1219224.9383500000,0.0057700000
38,1,MS,17.0750000000,1,1216465.2353999999,1216465.2353999999,0.0058900000
39,1,MS,16.7416700000,1,1213737.1065199999,1213737.1065199999,0.0057400000
40,1,MS,16.0500000000,1,1211181.8244800000,1211181.8244800000,0.0054400000
41,1,MS,15.2916700000,1,1208747.1294400000,1208747.1294400000,0.0051200000
42,1,MS,14.7500000000,1,1206446.3492300001,1206446.3492300001,0.0049000000
43,1,MS,13.9416700000,1,1204277.8319300001,1204277.8319300001,0.0046000000
44,1,MS,12.7500000000,1,1202337.5938400000,1202337.5938400000,0.0041800000
45,1,MS,11.9333300000,1,1200519.9080999999,1200519.9080999999,0.0039100000
46,1,MS,11.8333300000,1,1198746.6570800000,1198746.6570800000,0.0038800000
47,1,MS,11.5166700000,1,1197021.1763200001,1197021.1763200001,0.0037800000
48,1,MS,11.6666700000,1,1195305.7106699999,1195305.7106699999,0.0038300000
49,1,MS,10.5750000000,1,1193740.3602100001,1193740.3602100001,0.0035000000
50,1,MS,10.3333300000,1,1192230.6997400001,1192230.6997400001,0.0034300000
51,1,MS,10.5250000000,1,1190701.7175600000,1190701.7175600000,0.0034900000
52,1,MS,10.3666700000,1,1189218.0822200000,1189218.0822200000,0.0034400000
53,1,MS,9.2000000000,1,1187874.6139600000,1187874.6139600000,0.0031300000
54,1,MS,10.1500000000,1,1186445.4552500001,1186445.4552500001,0.0033800000
55,1,MS,12.9166700000,1,1184663.0101099999,1184663.0101099999,0.0042400000
56,1,MS,16.4333300000,1,1182376.9364700001,1182376.9364700001,0.0056000000
57,1,MS,17.9500000000,1,1179815.2568500000,1179815.2568500000,0.0063100000
58,1,MS,18.9916700000,1,1177132.7354400000,1177132.7354400000,0.0068300000
59,1,MS,19.6666700000,1,1174296.0976199999,1174296.0976199999,0.0071900000
60,1,MS,19.7916700000,1,1171507.6418300001,1171507.6418300001,0.0072600000
61,1,MS,19.8500000000,1,1168670.4029300001,1168670.4029300001,0.0073000000
62,1,MS,20.2000000000,1,1165821.6627799999,1165821.6627799999,0.0074900000
63,1,MS,21.1333300000,1,1162722.0668800001,1162722.0668800001,0.0080400000
64,1,MS,19.4333300000,1,1160056.2041300000,1160056.2041300000,0.0070700000
65,1,MS,17.5000000000,1,1157731.6298100001,1157731.6298100001,0.0060900000
66,1,MS,15.2666700000,1,1155808.0517700000,1155808.0517700000,0.0051100000
67,1,MS,13.6750000000,1,1154101.7452700001,1154101.7452700001,0.0045000000
68,1,MS,12.4916700000,1,1152571.5729499999,1152571.5729499999,0.0040900000
69,1,MS,10.6666700000,1,1151249.8323500000,1151249.8323500000,0.0035300000
70,1,MS,10.2666700000,1,1149987.3055700001,1149987.3055700001,0.0034100000
71,1,MS,10.7583300000,1,1148673.8281400001,1148673.8281400001,0.0035500000
72,1,MS,9.9250000000,1,1147465.0855700001,1147465.0855700001,0.0033200000
73,1,MS,8.7000000000,1,1146374.5567800000,1146374.5567800000,0.0030000000
74,1,MS,8.1083300000,1,1145349.3900700000,1145349.3900700000,0.0028500000
75,1,MS,8.1083300000,1,1144326.3420700000,1144326.3420700000,0.0028500000
76,1,MS,7.5083300000,1,1143365.2774600000,1143365.2774600000,0.0027100000
77,1,MS,7.7000000000,1,1142391.0376299999,1142391.0376299999,0.0027600000
78,1,MS,9.9416700000,1,1141235.8961100001,1141235.8961100001,0.0033200000
79,1,MS,13.1000000000,1,1139748.2492100000,1139748.2492100000,0.0043000000
80,1,MS,17.0416700000,1,1137778.6198900000,1137778.6198900000,0.0058800000
81,1,MS,18.6000000000,1,1135564.2954700000,1135564.2954700000,0.0066300000
82,1,MS,19.4333300000,1,1133284.3522200000,1133284.3522200000,0.0070700000
83,1,MS,20.0666700000,1,1130879.9664300000,1130879.9664300000,0.0074200000
84,1,MS,20.0916700000,1,1128535.7549699999,1128535.7549699999,0.0074300000
85,1,MS,20.8583300000,1,1126022.5575600001,1126022.5575600001,0.0078800000
86,1,MS,21.0750000000,1,1123538.0516500000,1123538.0516500000,0.0080100000
87,1,MS,20.2583300000,1,1121171.5224400000,1121171.5224400000,0.0075300000
88,1,MS,19.5416700000,1,1118978.6430500001,1118978.6430500001,0.0071300000
89,1,MS,19.0083300000,1,1116847.7446900001,1116847.7446900001,0.0068400000
90,1,MS,17.0666700000,1,1115048.5694800001,1115048.5694800001,0.0058900000
91,1,MS,15.2000000000,1,1113484.3741700000,1113484.3741700000,0.0050800000
92,1,MS,13.1250000000,1,1112179.0939700000,1112179.0939700000,0.0043100000
93,1,MS,12.0750000000,1,1110977.5986899999,1110977.5986899999,0.0039600000
94,1,MS,12.9750000000,1,1109708.3636300000,1109708.3636300000,0.0042600000
95,1,MS,14.1083300000,1,1108320.3602700001,1108320.3602700001,0.0046600000
96,1,MS,14.6583300000,1,1106904.6733500001,1106904.6733500001,0.0048700000
97,1,MS,14.9250000000,1,1105462.6848500001,1105462.6848500001,0.0049700000
98,1,MS,15.1166700000,1,1104036.5022400001,1104036.5022400001,0.0050500000
99,1,MS,15.0916700000,1,1102617.7460300000,1102617.7460300000,0.0050400000
100,1,MS,14.9416700000,1,1101252.2154200000,1101252.2154200000,0.0049800000
101,1,MS,15.1583300000,1,1099867.8231800001,1099867.8231800001,0.0050700000
102,1,MS,15.3416700000,1,1098501.4589900000,1098501.4589900000,0.0051400000
103,1,MS,17.0833300000,1,1096941.1619100000,1096941.1619100000,0.0058900000
104,1,MS,18.7583300000,1,1095229.4262600001,1095229.4262600001,0.0067100000
105,1,MS,19.7500000000,1,1093386.2148700000,1093386.2148700000,0.0072400000
106,1,MS,20.6333300000,1,1091487.2875399999,1091487.2875399999,0.0077400000
107,1,MS,20.9333300000,1,1089529.6458900000,1089529.6458900000,0.0079200000
108,1,MS,21.2000000000,1,1087588.8150899999,1087588.8150899999,0.0080800000
109,1,MS,21.4500000000,1,1085577.5195200001,1085577.5195200001,0.0082300000
110,1,MS,21.0750000000,1,1083664.2902299999,1083664.2902299999,0.0080100000
111,1,MS,20.9250000000,1,1081734.8301700000,1081734.8301700000,0.0079200000
112,1,MS,20.3000000000,1,1079929.8190200001,1079929.8190200001,0.0075500000
113,1,MS,18.8833300000,1,1078283.2322199999,1078283.2322199999,0.0067800000
114,1,MS,16.7666700000,1,1076907.1301000000,1076907.1301000000,0.0057500000
115,1,MS,15.2500000000,1,1075674.7305900001,1075674.7305900001,0.0051000000
116,1,MS,13.7750000000,1,1074595.4680300001,1074595.4680300001,0.0045400000
117,1,MS,13.1666700000,1,1073564.5528599999,1073564.5528599999,0.0043200000
118,1,MS,12.5416700000,1,1072600.4920200000,1072600.4920200000,0.0041100000
119,1,MS,13.2416700000,1,1071580.6295700001,1071580.6295700001,0.0043500000
120,1,MS,12.1333300000,1,1070664.7988600000,1070664.7988600000,0.0039800000
121,1,MS,11.6083300000,1,1069788.0921400001,1069788.0921400001,0.0038100000
122,1,MS,11.4416700000,1,1068938.0944399999,1068938.0944399999,0.0037600000
123,1,MS,11.4333300000,1,1068090.1220799999,1068090.1220799999,0.0037600000
124,1,MS,12.6166700000,1,1067175.2585199999,1067175.2585199999,0.0041300000
125,1,MS,12.9916700000,1,1066234.6258799999,1066234.6258799999,0.0042600000
126,1,MS,14.1250000000,1,1065228.8370999999,1065228.8370999999,0.0046700000
127,1,MS,16.1500000000,1,1064051.8813700001,1064051.8813700001,0.0054800000
128,1,MS,17.6166700000,1,1062774.9862100000,1062774.9862100000,0.0061400000
129,1,MS,18.6833300000,1,1061390.1062500000,1061390.1062500000,0.0066700000
130,1,MS,19.6000000000,1,1059955.2122899999,1059955.2122899999,0.0071600000
131,1,MS,20.0000000000,1,1058466.3252099999,1058466.3252099999,0.0073800000
132,1,MS,20.0500000000,1,1057011.7004300000,1057011.7004300000,0.0074100000
133,1,MS,20.0333300000,1,1055537.1031200001,1055537.1031200001,0.0074000000
134,1,MS,19.5750000000,1,1054141.6295500000,1054141.6295500000,0.0071400000
135,1,MS,18.9750000000,1,1052786.6331100001,1052786.6331100001,0.0068200000
136,1,MS,18.9500000000,1,1051460.4292400000,1051460.4292400000,0.0068100000
137,1,MS,17.9416700000,1,1050217.8124599999,1050217.8124599999,0.0063000000
138,1,MS,16.9750000000,1,1049087.0703900000,1049087.0703900000,0.0058400000
139,1,MS,15.8083300000,1,1048047.9024900000,1048047.9024900000,0.0053300000
140,1,MS,15.5250000000,1,1047052.3983800000,1047052.3983800000,0.0052200000
141,1,MS,15.3583300000,1,1046067.4455100000,1046067.4455100000,0.0051500000
142,1,MS,15.2583300000,1,1045112.6496200000,1045112.6496200000,0.0051100000
143,1,MS,15.3333300000,1,1044151.9633800000,1044151.9633800000,0.0051400000
144,1,MS,15.5666700000,1,1043198.1208799999,1043198.1208799999,0.0052300000
145,1,MS,15.8000000000,1,1042227.3791700000,1042227.3791700000,0.0053300000
146,1,MS,15.9500000000,1,1041271.7796600000,1041271.7796600000,0.0053900000
147,1,MS,15.9500000000,1,1040317.3225700000,1040317.3225700000,0.0053900000
148,1,MS,15.6916700000,1,1039407.3344200000,1039407.3344200000,0.0052800000
149,1,MS,15.6333300000,1,1038502.6104000000,1038502.6104000000,0.0052600000
150,1,MS,15.8166700000,1,1037609.8819900000,1037609.8819900000,0.0053400000
151,1,MS,16.2166700000,1,1036689.7581000000,1036689.7581000000,0.0055100000
152,1,MS,15.8666700000,1,1035819.4041900000,1035819.4041900000,0.0053600000
153,1,MS,16.4500000000,1,1034908.9464000000,1034908.9464000000,0.0056100000
154,1,MS,17.5333300000,1,1033949.5120300000,1033949.5120300000,0.0061000000
155,1,MS,17.4416700000,1,1032996.3190200001,1032996.3190200001,0.0060600000
156,1,MS,17.8083300000,1,1032045.6829200001,1032045.6829200001,0.0062400000
157,1,MS,18.5000000000,1,1031039.4983600000,1031039.4983600000,0.0065800000
158,1,MS,18.1500000000,1,1030088.6421200000,1030088.6421200000,0.0064000000
159,1,MS,17.9083300000,1,1029149.7677700000,1029149.7677700000,0.0062900000
160,1,MS,17.5166700000,1,1028262.7682300000,1028262.7682300000,0.0061000000
161,1,MS,17.1833300000,1,1027393.4238800000,1027393.4238800000,0.0059400000
162,1,MS,16.7916700000,1,1026571.5163300000,1026571.5163300000,0.0057600000
163,1,MS,16.5416700000,1,1025762.1236200000,1025762.1236200000,0.0056500000
164,1,MS,16.4833300000,1,1024977.4330100000,1024977.4330100000,0.0056200000
165,1,MS,16.6833300000,1,1024178.2477200000,1024178.2477200000,0.0057100000
166,1,MS,16.1000000000,1,1023434.9964300001,1023434.9964300001,0.0054600000
167,1,MS,15.3500000000,1,1022733.0877900000,1022733.0877900000,0.0051400000
168,1,MS,14.9500000000,1,1022069.3401900000,1022069.3401900000,0.0049800000
169,1,MS,14.9250000000,1,1021406.1319700000,1021406.1319700000,0.0049700000
170,1,MS,14.4916700000,1,1020780.3917799999,1020780.3917799999,0.0048000000
171,1,MS,14.1416700000,1,1020171.3332699999,1020171.3332699999,0.0046700000
172,1,MS,14.4750000000,1,1019560.6184300000,1019560.6184300000,0.0048000000
173,1,MS,14.4583300000,1,1018950.3702500000,1018950.3702500000,0.0047900000
174,1,MS,14.9916700000,1,1018329.7247100000,1018329.7247100000,0.0050000000
175,1,MS,16.7666700000,1,1017615.8588700000,1017615.8588700000,0.0057500000
176,1,MS,19.4166700000,1,1016772.9172300000,1016772.9172300000,0.0070600000
177,1,MS,20.9166700000,1,1015825.3897900000,1015825.3897900000,0.0079100000
178,1,MS,21.8000000000,1,1014852.6640800000,1014852.6640800000,0.0084500000
179,1,MS,22.3000000000,1,1013826.7895000000,1013826.7895000000,0.0087700000
180,1,MS,22.6833300000,1,1012800.9488900000,1012800.9488900000,0.0090300000
181,1,MS,22.5000000000,1,1011758.9443800000,1011758.9443800000,0.0089000000
182,1,MS,22.3666700000,1,1010745.9370400000,1010745.9370400000,0.0088200000
183,1,MS,21.7666700000,1,1009745.2834100000,1009745.2834100000,0.0084300000
184,1,MS,20.5250000000,1,1008846.5118400001,1008846.5118400001,0.0076800000
185,1,MS,19.2500000000,1,1008009.6197100000,1008009.6197100000,0.0069700000
186,1,MS,17.1000000000,1,1007309.7421400000,1007309.7421400000,0.0059000000
187,1,MS,15.2166700000,1,1006696.8660500000,1006696.8660500000,0.0050900000
188,1,MS,15.7916700000,1,1006066.3913800000,1006066.3913800000,0.0053300000
189,1,MS,13.7416700000,1,1005526.1828599999,1005526.1828599999,0.0045300000
190,1,MS,12.0166700000,1,1005062.3173400000,1005062.3173400000,0.0039400000
191,1,MS,11.4666700000,1,1004616.7760500000,1004616.7760500000,0.0037700000
192,1,MS,11.3000000000,1,1004183.5035000000,1004183.5035000000,0.0037100000
193,1,MS,10.9666700000,1,1003760.7836200000,1003760.7836200000,0.0036100000
194,1,MS,10.7500000000,1,1003351.5263199999,1003351.5263199999,0.0035500000
195,1,MS,10.2166700000,1,1002959.1364700000,1002959.1364700000,0.0034000000
196,1,MS,10.2583300000,1,1002571.0394800000,1002571.0394800000,0.0034100000
197,1,MS,10.0166700000,1,1002190.1651900000,1002190.1651900000,0.0033400000
198,1,MS,10.8666700000,1,1001788.2204200000,1001788.2204200000,0.0035900000
199,1,MS,13.4000000000,1,1001294.4279400000,1001294.4279400000,0.0044000000
200,1,MS,15.3666700000,1,1000731.7757699999,1000731.7757699999,0.0051500000
201,1,MS,17.2916700000,1,1000076.1128600000,1000076.1128600000,0.0059900000
202,1,MS,17.9583300000,1,999406.9462500000,999406.9462500000,0.0063100000
203,1,MS,18.5666700000,1,998701.0324300000,998701.0324300000,0.0066100000
204,1,MS,19.2000000000,1,997982.5720600000,997982.5720600000,0.0069400000
205,1,MS,19.7416700000,1,997224.9647800000,997224.9647800000,0.0072400000
206,1,MS,19.5166700000,1,996499.8014699999,996499.8014699999,0.0071100000
207,1,MS,19.6916700000,1,995752.8084000000,995752.8084000000,0.0072100000
208,1,MS,19.3750000000,1,995041.0809400000,995041.0809400000,0.0070400000
209,1,MS,18.0583300000,1,994387.6111600000,994387.6111600000,0.0063600000
210,1,MS,16.2666700000,1,993829.1334000000,993829.1334000000,0.0055300000
211,1,MS,15.6000000000,1,993293.2713800000,993293.2713800000,0.0052500000
212,1,MS,15.4833300000,1,992772.5617300000,992772.5617300000,0.0052000000
213,1,MS,14.3666700000,1,992292.5240500000,992292.5240500000,0.0047600000
214,1,MS,12.9166700000,1,991872.0124200000,991872.0124200000,0.0042400000
215,1,MS,13.0666700000,1,991444.4149900000,991444.4149900000,0.0042900000
216,1,MS,11.6416700000,1,991069.2102200000,991069.2102200000,0.0038200000
217,1,MS,12.5166700000,1,990665.2222899999,990665.2222899999,0.0041000000
218,1,MS,13.0500000000,1,990251.5507800000,990251.5507800000,0.0042800000
219,1,MS,13.3500000000,1,989826.7776700000,989826.7776700000,0.0043900000
220,1,MS,12.8583300000,1,989426.3515900000,989426.3515900000,0.0042200000
221,1,MS,11.5000000000,1,989066.8137500000,989066.8137500000,0.0037800000
222,1,MS,13.1833300000,1,988662.9584100000,988662.9584100000,0.0043300000
223,1,MS,15.1666700000,1,988188.8924800000,988188.8924800000,0.0050700000
224,1,MS,16.9166700000,1,987660.6029200000,987660.6029200000,0.0058200000
225,1,MS,18.0583300000,1,987079.4995100000,987079.4995100000,0.0063600000
226,1,MS,19.2916700000,1,986458.7884800000,986458.7884800000,0.0069900000
227,1,MS,20.2083300000,1,985779.7616500000,985779.7616500000,0.0075000000
228,1,MS,21.0750000000,1,985069.8257500000,985069.8257500000,0.0080100000
229,1,MS,21.1666700000,1,984330.8623400000,984330.8623400000,0.0080600000
230,1,MS,21.6500000000,1,983574.1216500000,983574.1216500000,0.0083600000
231,1,MS,21.0666700000,1,982821.7443600000,982821.7443600000,0.0080000000
232,1,MS,20.3333300000,1,982115.9917900000,982115.9917900000,0.0075700000
233,1,MS,19.3166700000,1,981441.5109100000,981441.5109100000,0.0070100000
234,1,MS,15.9916700000,1,980922.7901300000,980922.7901300000,0.0054100000
235,1,MS,14.9250000000,1,980436.4158600000,980436.4158600000,0.0049700000
236,1,MS,10.7833300000,1,980089.4629900000,980089.4629900000,0.0035600000
237,1,MS,8.9583300000,1,979787.9355500001,979787.9355500001,0.0030600000
238,1,MS,8.2250000000,1,979505.8121100001,979505.8121100001,0.0028800000
239,1,MS,7.9500000000,1,979228.5503800000,979228.5503800000,0.0028200000
240,1,MS,8.5333300000,1,978940.0045300000,978940.0045300000,0.0029600000
241,1,MS,7.6750000000,1,978670.4696599999,978670.4696599999,0.0027500000
242,1,MS,6.9750000000,1,978418.3506000000,978418.3506000000,0.0026000000
243,1,MS,6.2583300000,1,978180.4767100000,978180.4767100000,0.0024400000
244,1,MS,6.6000000000,1,977937.6502100000,977937.6502100000,0.0025100000
245,1,MS,7.5250000000,1,977674.7832100000,977674.7832100000,0.0027200000
246,1,MS,10.7250000000,1,977337.2426400000,977337.2426400000,0.0035400000
247,1,MS,17.1000000000,1,976774.9114500000,976774.9114500000,0.0059000000
248,1,MS,19.4666700000,1,976124.7841700000,976124.7841700000,0.0070900000
249,1,MS,20.9416700000,1,975392.5262100000,975392.5262100000,0.0079300000
250,1,MS,22.6250000000,1,974595.0384600000,974595.0384600000,0.0089900000
251,1,MS,24.1000000000,1,973689.6509700000,973689.6509700000,0.0100200000
252,1,MS,23.9416700000,1,972823.6403000000,972823.6403000000,0.0099000000
253,1,MS,23.7083300000,1,971948.7558900000,971948.7558900000,0.0097300000
254,1,MS,25.1750000000,1,971008.1476600000,971008.1476600000,0.0108200000
255,1,MS,25.3083300000,1,970032.3739800000,970032.3739800000,0.0109300000
256,1,MS,23.7916700000,1,969184.7796200000,969184.7796200000,0.0097900000
257,1,MS,21.5500000000,1,968449.2734600001,968449.2734600001,0.0083000000
258,1,MS,19.3666700000,1,967839.9856400000,967839.9856400000,0.0070300000
259,1,MS,18.7666700000,1,967249.2077800001,967249.2077800001,0.0067200000
260,1,MS,19.2083300000,1,966655.4473700000,966655.4473700000,0.0069500000
261,1,MS,17.2666700000,1,966138.9974000000,966138.9974000000,0.0059800000
262,1,MS,18.3750000000,1,965592.5600400000,965592.5600400000,0.0065200000
263,1,MS,18.3750000000,1,965042.0685800000,965042.0685800000,0.0065200000
264,1,MS,19.2916700000,1,964471.5596600000,964471.5596600000,0.0069900000
265,1,MS,19.4333300000,1,963891.0565100000,963891.0565100000,0.0070700000
266,1,MS,18.6666700000,1,963361.8657400000,963361.8657400000,0.0066600000
267,1,MS,17.5916700000,1,962871.8285400000,962871.8285400000,0.0061300000
268,1,MS,18.9416700000,1,962346.5371500000,962346.5371500000,0.0068100000
269,1,MS,17.7916700000,1,961862.8869500000,961862.8869500000,0.0062300000
270,1,MS,15.7500000000,1,961460.8980900000,961460.8980900000,0.0053100000
271,1,MS,15.5583300000,1,961062.9283800001,961062.9283800001,0.0052300000
272,1,MS,15.5666700000,1,960674.5429200000,960674.5429200000,0.0052300000
273,1,MS,16.2833300000,1,960261.4946400000,960261.4946400000,0.0055400000
274,1,MS,16.4833300000,1,959853.0061400000,959853.0061400000,0.0056200000
275,1,MS,16.3583300000,1,959445.5040400000,959445.5040400000,0.0055700000
276,1,MS,16.1500000000,1,959053.8808200000,959053.8808200000,0.0054800000
277,1,MS,15.2583300000,1,958685.2897400000,958685.2897400000,0.0051100000
278,1,MS,14.6333300000,1,958340.6544600000,958340.6544600000,0.0048600000
279,1,MS,14.5083300000,1,957996.0829100000,957996.0829100000,0.0048100000
280,1,MS,14.3750000000,1,957660.9327500000,957660.9327500000,0.0047600000
281,1,MS,14.4916700000,1,957319.5895600000,957319.5895600000,0.0048000000
282,1,MS,14.5916700000,1,956981.8984200000,956981.8984200000,0.0048400000
283,1,MS,14.7333300000,1,956637.6797300000,956637.6797300000,0.0049000000
284,1,MS,14.8916700000,1,956296.3382400000,956296.3382400000,0.0049600000
285,1,MS,14.9666700000,1,955950.6715900000,955950.6715900000,0.0049900000
286,1,MS,15.1416700000,1,955608.0816900000,955608.0816900000,0.0050600000
287,1,MS,15.3083300000,1,955258.9246800001,955258.9246800001,0.0051300000
288,1,MS,15.4750000000,1,954913.7287500000,954913.7287500000,0.0051900000
289,1,MS,15.6250000000,1,954562.5806300000,954562.5806300000,0.0052600000
290,1,MS,15.7750000000,1,954216.3534000000,954216.3534000000,0.0053200000
291,1,MS,15.9083300000,1,953864.7304000000,953864.7304000000,0.0053800000
292,1,MS,16.1250000000,1,953516.6868300000,953516.6868300000,0.0054700000
293,1,MS,16.2500000000,1,953163.5203000000,953163.5203000000,0.0055200000
294,1,MS,16.4666700000,1,952814.3636700000,952814.3636700000,0.0056200000
295,1,MS,17.0750000000,1,952446.4695500000,952446.4695500000,0.0058900000
296,1,MS,17.9000000000,1,952066.8329799999,952066.8329799999,0.0062800000
297,1,MS,19.0000000000,1,951650.9747800000,951650.9747800000,0.0068400000
298,1,MS,20.5500000000,1,951200.6094100000,951200.6094100000,0.0076900000
299,1,MS,20.7666700000,1,950735.9581700000,950735.9581700000,0.0078200000
300,1,MS,21.7583300000,1,950249.9348800000,950249.9348800000,0.0084300000
301,1,MS,22.0083300000,1,949739.2978700000,949739.2978700000,0.0085900000
302,1,MS,21.7750000000,1,949246.2531800000,949246.2531800000,0.0084400000
303,1,MS,21.3166700000,1,948751.4412500000,948751.4412500000,0.0081500000
304,1,MS,20.5500000000,1,948289.4895100000,948289.4895100000,0.0076900000
305,1,MS,19.5583300000,1,947846.3136200000,947846.3136200000,0.0071400000
306,1,MS,19.2166700000,1,947420.9229600000,947420.9229600000,0.0069500000
307,1,MS,18.6750000000,1,947003.2978900000,947003.2978900000,0.0066700000
308,1,MS,18.3416700000,1,946605.0399500000,946605.0399500000,0.0065000000
309,1,MS,17.4416700000,1,946227.9970300000,946227.9970300000,0.0060600000
310,1,MS,17.0833300000,1,945869.8841000000,945869.8841000000,0.0058900000
311,1,MS,16.6083300000,1,945521.2487600000,945521.2487600000,0.0056800000
312,1,MS,16.3000000000,1,945189.1201200000,945189.1201200000,0.0055400000
313,1,MS,16.4666700000,1,944850.0090200000,944850.0090200000,0.0056200000
314,1,MS,16.2833300000,1,944524.3367800000,944524.3367800000,0.0055400000
315,1,MS,15.9083300000,1,944206.0581900000,944206.0581900000,0.0053800000
316,1,MS,15.8833300000,1,943896.4555300000,943896.4555300000,0.0053700000
317,1,MS,15.9583300000,1,943583.2677100000,943583.2677100000,0.0054000000
318,1,MS,16.1500000000,1,943273.8048300000,943273.8048300000,0.0054800000
319,1,MS,16.7583300000,1,942947.5703300000,942947.5703300000,0.0057500000
320,1,MS,16.8166700000,1,942629.3144400000,942629.3144400000,0.0057700000
321,1,MS,17.3833300000,1,942294.8264800000,942294.8264800000,0.0060300000
322,1,MS,17.7833300000,1,941960.4538100000,941960.4538100000,0.0062200000
323,1,MS,18.0666700000,1,941616.0036100000,941616.0036100000,0.0063600000
324,1,MS,18.0583300000,1,941281.5443200000,941281.5443200000,0.0063600000
325,1,MS,17.5583300000,1,940955.9542300000,940955.9542300000,0.0061200000
326,1,MS,17.4166700000,1,940641.2283300000,940641.2283300000,0.0060500000
327,1,MS,17.2416700000,1,940326.4481100000,940326.4481100000,0.0059700000
328,1,MS,16.9416700000,1,940025.3649300000,940025.3649300000,0.0058300000
329,1,MS,16.8916700000,1,939721.6111400001,939721.6111400001,0.0058100000
330,1,MS,16.9083300000,1,939424.3003200000,939424.3003200000,0.0058100000
331,1,MS,16.6750000000,1,939129.2197200001,939129.2197200001,0.0057100000
332,1,MS,16.5833300000,1,938843.1360500000,938843.1360500000,0.0056700000
333,1,MS,16.1333300000,1,938564.5862100000,938564.5862100000,0.0054700000
334,1,MS,15.6500000000,1,938302.4434700001,938302.4434700001,0.0052700000
335,1,MS,15.4916700000,1,938041.7360900000,938041.7360900000,0.0052000000
336,1,MS,15.1083300000,1,937794.4036000000,937794.4036000000,0.0050500000
337,1,MS,15.1000000000,1,937545.7987800000,937545.7987800000,0.0050400000
338,1,MS,14.9583300000,1,937305.4882600000,937305.4882600000,0.0049900000
339,1,MS,14.8500000000,1,937066.0321400000,937066.0321400000,0.0049400000
340,1,MS,14.9333300000,1,936830.4912400000,936830.4912400000,0.0049800000
341,1,MS,14.9750000000,1,936593.1087800000,936593.1087800000,0.0049900000
342,1,MS,14.9083300000,1,936362.4120300000,936362.4120300000,0.0049700000
343,1,MS,14.8166700000,1,936132.4490600000,936132.4490600000,0.0049300000
344,1,MS,14.6833300000,1,935910.0264400000,935910.0264400000,0.0048800000
345,1,MS,14.8083300000,1,935684.4688300000,935684.4688300000,0.0049300000
346,1,MS,14.7500000000,1,935464.9200000000,935464.9200000000,0.0049000000
347,1,MS,14.6250000000,1,935246.4506900000,935246.4506900000,0.0048600000
348,1,MS,14.8333300000,1,935028.9106200000,935028.9106200000,0.0049400000
349,1,MS,15.0083300000,1,934806.7933700000,934806.7933700000,0.0050100000
350,1,MS,15.3416700000,1,934583.2121600000,934583.2121600000,0.0051400000
351,1,MS,15.4500000000,1,934355.5621800000,934355.5621800000,0.0051800000
352,1,MS,15.3416700000,1,934133.6956000000,934133.6956000000,0.0051400000
353,1,MS,15.2000000000,1,933911.7579000000,933911.7579000000,0.0050800000
354,1,MS,15.2416700000,1,933692.7034900000,933692.7034900000,0.0051000000
355,1,MS,15.2916700000,1,933470.4607200000,933470.4607200000,0.0051200000
356,1,MS,15.3916700000,1,933250.5720300000,933250.5720300000,0.0051600000
357,1,MS,15.5083300000,1,933026.7623800000,933026.7623800000,0.0052100000
358,1,MS,15.6916700000,1,932804.4844400000,932804.4844400000,0.0052800000
359,1,MS,15.9166700000,1,932576.6956800000,932576.6956800000,0.0053800000
360,1,MS,15.8166700000,1,932355.8514400000,932355.8514400000,0.0053400000
361,1,MS,14.8083300000,1,932150.7788900000,932150.7788900000,0.0049300000
362,1,MS,13.6333300000,1,931967.3846200000,931967.3846200000,0.0044900000
363,1,MS,11.9583300000,1,931806.3903000000,931806.3903000000,0.0039200000
364,1,MS,11.2083300000,1,931656.9314900000,931656.9314900000,0.0036900000
365,1,MS,10.7833300000,1,931512.0282200000,931512.0282200000,0.0035600000
366,1,MS,13.6166700000,1,931333.1960900000,931333.1960900000,0.0044800000
367,1,MS,15.9416700000,1,931117.4525400000,931117.4525400000,0.0053900000
368,1,MS,17.9666700000,1,930872.2895500000,930872.2895500000,0.0063100000
369,1,MS,19.5750000000,1,930592.2889700000,930592.2889700000,0.0071400000
370,1,MS,20.0583300000,1,930308.5844400000,930308.5844400000,0.0074100000
371,1,MS,19.8250000000,1,930021.5083399999,930021.5083399999,0.0072800000
372,1,MS,20.8916700000,1,929711.3189400000,929711.3189400000,0.0079000000
373,1,MS,22.0000000000,1,929356.2856200000,929356.2856200000,0.0085800000
374,1,MS,22.3250000000,1,928990.0898899999,928990.0898899999,0.0087900000
375,1,MS,22.2666700000,1,928602.2986000000,928602.2986000000,0.0087500000
376,1,MS,22.0166700000,1,928218.8375800001,928218.8375800001,0.0085900000
377,1,MS,20.5583300000,1,927855.8453500000,927855.8453500000,0.0077000000
378,1,MS,17.7416700000,1,927561.2802100000,927561.2802100000,0.0062000000
379,1,MS,14.2833300000,1,927328.8209200000,927328.8209200000,0.0047300000
380,1,MS,12.5916700000,1,927125.2215900000,927125.2215900000,0.0041300000
381,1,MS,11.1500000000,1,926940.5643500000,926940.5643500000,0.0036700000
382,1,MS,11.6666700000,1,926748.9459700000,926748.9459700000,0.0038300000
383,1,MS,10.7833300000,1,926568.4886500000,926568.4886500000,0.0035600000
384,1,MS,9.4333300000,1,926408.0292700001,926408.0292700001,0.0031900000
385,1,MS,8.6916700000,1,926255.9462300000,926255.9462300000,0.0030000000
386,1,MS,7.6416700000,1,926117.5220200000,926117.5220200000,0.0027400000
387,1,MS,7.1250000000,1,925984.2445900000,925984.2445900000,0.0026300000
388,1,MS,7.5333300000,1,925847.4077700000,925847.4077700000,0.0027200000
389,1,MS,7.8500000000,1,925706.3133700000,925706.3133700000,0.0027900000
390,1,MS,10.9416700000,1,925526.7613400000,925526.7613400000,0.0036100000
391,1,MS,16.5416700000,1,925244.6281700000,925244.6281700000,0.0056500000
392,1,MS,19.0500000000,1,924914.3891100000,924914.3891100000,0.0068600000
393,1,MS,20.2250000000,1,924549.4705500000,924549.4705500000,0.0075100000
394,1,MS,21.3250000000,1,924166.8541100000,924166.8541100000,0.0081600000
395,1,MS,21.7250000000,1,923763.3585200000,923763.3585200000,0.0084100000
396,1,MS,21.0833300000,1,923387.5591000000,923387.5591000000,0.0080100000
397,1,MS,20.7166700000,1,923010.3381200000,923010.3381200000,0.0077900000
398,1,MS,20.6750000000,1,922640.7549600000,922640.7549600000,0.0077700000
399,1,MS,20.2166700000,1,922272.4736100000,922272.4736100000,0.0075000000
400,1,MS,19.7583300000,1,921922.8838599999,921922.8838599999,0.0072500000
401,1,MS,19.2833300000,1,921576.8206400000,921576.8206400000,0.0069900000
402,1,MS,18.5166700000,1,921256.5351600000,921256.5351600000,0.0065900000
403,1,MS,18.1166700000,1,920939.7799500000,920939.7799500000,0.0063900000
404,1,MS,17.6916700000,1,920639.9815100000,920639.9815100000,0.0061800000
405,1,MS,17.3083300000,1,920344.9494300000,920344.9494300000,0.0060000000
406,1,MS,17.0166700000,1,920063.5069100000,920063.5069100000,0.0058600000
407,1,MS,17.0166700000,1,919779.1793800000,919779.1793800000,0.0058600000
408,1,MS,16.5000000000,1,919512.9661899999,919512.9661899999,0.0056300000
409,1,MS,16.1916700000,1,919251.0107400001,919251.0107400001,0.0055000000
410,1,MS,15.5666700000,1,919007.5471600000,919007.5471600000,0.0052300000
411,1,MS,15.4833300000,1,918764.0830900000,918764.0830900000,0.0052000000
412,1,MS,15.2916700000,1,918529.9952200000,918529.9952200000,0.0051200000
413,1,MS,15.3166700000,1,918294.1151000001,918294.1151000001,0.0051300000
414,1,MS,15.8750000000,1,918054.0194099999,918054.0194099999,0.0053600000
415,1,MS,16.8500000000,1,917793.5081500000,917793.5081500000,0.0057900000
416,1,MS,17.8333300000,1,917521.3507200000,917521.3507200000,0.0062500000
417,1,MS,18.5500000000,1,917231.8681000000,917231.8681000000,0.0066000000
418,1,MS,19.4083300000,1,916933.5390700001,916933.5390700001,0.0070500000
419,1,MS,20.6083300000,1,916603.0700800000,916603.0700800000,0.0077300000
420,1,MS,19.8250000000,1,916301.0568000000,916301.0568000000,0.0072800000
421,1,MS,18.6666700000,1,916019.6537900000,916019.6537900000,0.0066600000
422,1,MS,17.9666700000,1,915758.2548400000,915758.2548400000,0.0063100000
423,1,MS,18.4333300000,1,915482.2188000000,915482.2188000000,0.0065500000
424,1,MS,19.0000000000,1,915200.6816900000,915200.6816900000,0.0068400000
425,1,MS,18.8166700000,1,914918.1904100000,914918.1904100000,0.0067400000
426,1,MS,18.2833300000,1,914653.2226600000,914653.2226600000,0.0064700000
427,1,MS,17.6583300000,1,914396.8771700000,914396.8771700000,0.0061600000
428,1,MS,16.3500000000,1,914169.8724300000,914169.8724300000,0.0055700000
429,1,MS,13.9583300000,1,913979.8048100000,913979.8048100000,0.0046000000
430,1,MS,13.1250000000,1,913804.3899700000,913804.3899700000,0.0043100000
431,1,MS,12.6416700000,1,913634.2246800000,913634.2246800000,0.0041400000
432,1,MS,12.1250000000,1,913473.2333700000,913473.2333700000,0.0039700000
433,1,MS,11.6916700000,1,913316.7959300000,913316.7959300000,0.0038400000
434,1,MS,11.3250000000,1,913166.9873400000,913166.9873400000,0.0037200000
435,1,MS,11.0416700000,1,913019.8509800000,913019.8509800000,0.0036400000
436,1,MS,10.6833300000,1,912878.8340100000,912878.8340100000,0.0035300000
437,1,MS,10.8916700000,1,912734.7880700000,912734.7880700000,0.0035900000
438,1,MS,14.6416700000,1,912544.2508200000,912544.2508200000,0.0048600000
439,1,MS,18.6416700000,1,912282.7553899999,912282.7553899999,0.0066500000
440,1,MS,20.9833300000,1,911983.3582000000,911983.3582000000,0.0079500000
441,1,MS,22.2250000000,1,911651.2930700000,911651.2930700000,0.0087200000
442,1,MS,23.8666700000,1,911291.1551900000,911291.1551900000,0.0098500000
443,1,MS,24.6750000000,1,910897.4795700000,910897.4795700000,0.0104400000
444,1,MS,24.7750000000,1,910508.5803499999,910508.5803499999,0.0105200000
445,1,MS,25.3333300000,1,910082.6202800000,910082.6202800000,0.0109500000
446,1,MS,25.2750000000,1,909662.1068600001,909662.1068600001,0.0109000000
447,1,MS,23.7250000000,1,909264.3360800000,909264.3360800000,0.0097500000
448,1,MS,22.3083300000,1,908907.4584400000,908907.4584400000,0.0087800000
449,1,MS,21.3000000000,1,908561.2203000000,908561.2203000000,0.0081400000
450,1,MS,19.6000000000,1,908259.3347700000,908259.3347700000,0.0071600000
451,1,MS,17.9083300000,1,907986.1957500000,907986.1957500000,0.0062900000
452,1,MS,16.6750000000,1,907740.9850800000,907740.9850800000,0.0057100000
453,1,MS,16.9333300000,1,907486.1554100000,907486.1554100000,0.0058300000
454,1,MS,16.0083300000,1,907253.3709900000,907253.3709900000,0.0054200000
455,1,MS,15.7666700000,1,907022.1491200000,907022.1491200000,0.0053200000
456,1,MS,15.4916700000,1,906800.5029000000,906800.5029000000,0.0052000000
457,1,MS,15.3833300000,1,906578.7728600000,906578.7728600000,0.0051600000
458,1,MS,15.5750000000,1,906358.8058400000,906358.8058400000,0.0052400000
459,1,MS,13.6500000000,1,906168.6837900000,906168.6837900000,0.0044900000
460,1,MS,12.8083300000,1,905993.9538500000,905993.9538500000,0.0042000000
461,1,MS,13.0500000000,1,905814.7856500000,905814.7856500000,0.0042800000
462,1,MS,15.2666700000,1,905606.0993100000,905606.0993100000,0.0051100000
463,1,MS,17.1333300000,1,905363.2328400000,905363.2328400000,0.0059200000
464,1,MS,18.0333300000,1,905111.2805000000,905111.2805000000,0.0063500000
465,1,MS,18.9916700000,1,904838.0303000000,904838.0303000000,0.0068300000
466,1,MS,19.7750000000,1,904558.2601700000,904558.2601700000,0.0072500000
467,1,MS,19.7083300000,1,904276.6512200000,904276.6512200000,0.0072200000
468,1,MS,19.4666700000,1,904008.4147500000,904008.4147500000,0.0070900000
469,1,MS,19.3000000000,1,903739.4346000000,903739.4346000000,0.0070000000
470,1,MS,19.1250000000,1,903480.9065900000,903480.9065900000,0.0069000000
471,1,MS,18.4750000000,1,903230.9419500000,903230.9419500000,0.0065700000
472,1,MS,18.5916700000,1,902985.0401400001,902985.0401400001,0.0066300000
473,1,MS,18.6250000000,1,902735.0625999999,902735.0625999999,0.0066400000
474,1,MS,18.5250000000,1,902493.7880300001,902493.7880300001,0.0065900000
475,1,MS,18.3333300000,1,902253.3656100000,902253.3656100000,0.0065000000
476,1,MS,18.4166700000,1,902018.4476200000,902018.4476200000,0.0065400000
477,1,MS,18.1083300000,1,901786.9946300000,901786.9946300000,0.0063800000
478,1,MS,18.0250000000,1,901563.7990300000,901563.7990300000,0.0063400000
479,1,MS,18.0833300000,1,901337.9663300000,901337.9663300000,0.0063700000
480,1,MS,18.1166700000,1,901118.5442200000,901118.5442200000,0.0063900000
481,1,MS,18.0916700000,1,900898.2229000001,900898.2229000001,0.0063700000
482,1,MS,17.8583300000,1,900688.4672599999,900688.4672599999,0.0062600000
483,1,MS,17.6666700000,1,900480.7309700000,900480.7309700000,0.0061700000
484,1,MS,17.6250000000,1,900279.9018399999,900279.9018399999,0.0061500000
485,1,MS,17.3500000000,1,900082.4383100000,900082.4383100000,0.0060200000
486,1,MS,17.5083300000,1,899888.4884600000,899888.4884600000,0.0060900000
487,1,MS,17.9250000000,1,899687.4150700000,899687.4150700000,0.0062900000
488,1,MS,18.0333300000,1,899491.0369900001,899491.0369900001,0.0063500000
489,1,MS,17.8083300000,1,899297.3031700000,899297.3031700000,0.0062400000
490,1,MS,18.1666700000,1,899104.2796900000,899104.2796900000,0.0064100000
491,1,MS,18.6750000000,1,898902.5145700000,898902.5145700000,0.0066700000
492,1,MS,19.2666700000,1,898697.8740400000,898697.8740400000,0.0069800000
493,1,MS,20.8916700000,1,898463.7922700000,898463.7922700000,0.0079000000
494,1,MS,20.3250000000,1,898245.3371400000,898245.3371400000,0.0075600000
495,1,MS,20.5666700000,1,898018.6026000000,898018.6026000000,0.0077000000
496,1,MS,21.3250000000,1,897784.7257100000,897784.7257100000,0.0081600000
497,1,MS,21.1916700000,1,897549.7255400000,897549.7255400000,0.0080800000
498,1,MS,20.2000000000,1,897339.5074500000,897339.5074500000,0.0074900000
499,1,MS,19.0000000000,1,897147.8702400000,897147.8702400000,0.0068400000
500,1,MS,18.8000000000,1,896966.6951400000,896966.6951400000,0.0067300000
501,1,MS,18.7583300000,1,896787.5901800001,896787.5901800001,0.0067100000
502,1,MS,18.1416700000,1,896624.0246500000,896624.0246500000,0.0064000000
503,1,MS,18.0833300000,1,896463.2251600000,896463.2251600000,0.0063700000
504,1,MS,17.7166700000,1,896313.6586300000,896313.6586300000,0.0061900000
505,1,MS,17.5750000000,1,896167.9938600000,896167.9938600000,0.0061200000
506,1,MS,17.2750000000,1,896031.8000600000,896031.8000600000,0.0059800000
507,1,MS,17.1500000000,1,895899.3267900000,895899.3267900000,0.0059300000
508,1,MS,16.3666700000,1,895779.8615400000,895779.8615400000,0.0055700000
509,1,MS,16.1583300000,1,895664.5324000000,895664.5324000000,0.0054800000
510,1,MS,16.5000000000,1,895550.9780300000,895550.9780300000,0.0056300000
511,1,MS,16.4916700000,1,895439.8639300000,895439.8639300000,0.0056300000
512,1,MS,16.6750000000,1,895331.9487600001,895331.9487600001,0.0057100000
513,1,MS,17.3666700000,1,895220.6298800000,895220.6298800000,0.0060300000
514,1,MS,17.9083300000,1,895109.8333500000,895109.8333500000,0.0062900000
515,1,MS,18.0166700000,1,895000.5748100000,895000.5748100000,0.0063400000
516,1,MS,16.9583300000,1,894903.8042800000,894903.8042800000,0.0058400000
517,1,MS,16.4416700000,1,894812.2750500001,894812.2750500001,0.0056100000
518,1,MS,16.6583300000,1,894722.0085200000,894722.0085200000,0.0057000000
519,1,MS,16.3500000000,1,894634.7474300000,894634.7474300000,0.0055700000
520,1,MS,15.6500000000,1,894554.0451700001,894554.0451700001,0.0052700000
521,1,MS,15.2666700000,1,894476.1061300000,894476.1061300000,0.0051100000
522,1,MS,14.3916700000,1,894404.6563400000,894404.6563400000,0.0047700000
523,1,MS,13.6000000000,1,894337.7977100000,894337.7977100000,0.0044700000
524,1,MS,13.3000000000,1,894273.5633100000,894273.5633100000,0.0043700000
525,1,MS,12.8333300000,1,894211.9956500001,894211.9956500001,0.0042100000
526,1,MS,12.8416700000,1,894151.4651800001,894151.4651800001,0.0042100000
527,1,MS,12.6583300000,1,894092.2829900000,894092.2829900000,0.0041500000
528,1,MS,12.5333300000,1,894034.8574500000,894034.8574500000,0.0041100000
529,1,MS,12.2083300000,1,893979.4999200000,893979.4999200000,0.0040000000
530,1,MS,12.3500000000,1,893924.7241000000,893924.7241000000,0.0040500000
531,1,MS,11.1333300000,1,893875.7131500000,893875.7131500000,0.0036600000
532,1,MS,9.8083300000,1,893832.6049499999,893832.6049499999,0.0032900000
533,1,MS,8.4750000000,1,893794.4395700000,893794.4395700000,0.0029400000
534,1,MS,11.6583300000,1,893745.9157700000,893745.9157700000,0.0038200000
535,1,MS,14.6500000000,1,893685.2282000000,893685.2282000000,0.0048700000
536,1,MS,16.1000000000,1,893619.4990900001,893619.4990900001,0.0054600000
537,1,MS,17.0500000000,1,893550.1664200000,893550.1664200000,0.0058800000
538,1,MS,17.6333300000,1,893480.1048900000,893480.1048900000,0.0061500000
539,1,MS,18.0083300000,1,893408.8419999999,893408.8419999999,0.0063300000
540,1,MS,19.1416700000,1,893332.7037700000,893332.7037700000,0.0069100000
541,1,MS,19.8083300000,1,893251.7264300000,893251.7264300000,0.0072700000
542,1,MS,20.0916700000,1,893168.5554900001,893168.5554900001,0.0074300000
543,1,MS,19.6000000000,1,893085.1383699999,893085.1383699999,0.0071600000
544,1,MS,18.7666700000,1,893004.4171600000,893004.4171600000,0.0067200000
545,1,MS,17.6750000000,1,892926.0806700001,892926.0806700001,0.0061700000
546,1,MS,16.1166700000,1,892854.2826100000,892854.2826100000,0.0054600000
547,1,MS,12.8916700000,1,892796.2368599999,892796.2368599999,0.0042300000
548,1,MS,12.4166700000,1,892738.9747700000,892738.9747700000,0.0040700000
549,1,MS,11.2250000000,1,892685.5185000000,892685.5185000000,0.0036900000
550,1,MS,11.7500000000,1,892629.1361500000,892629.1361500000,0.0038500000
551,1,MS,11.2166700000,1,892574.3093500000,892574.3093500000,0.0036900000
552,1,MS,10.8750000000,1,892520.9737600000,892520.9737600000,0.0035900000
553,1,MS,10.2833300000,1,892469.8289100000,892469.8289100000,0.0034200000
554,1,MS,10.3416700000,1,892418.7639600000,892418.7639600000,0.0034300000
555,1,MS,10.1166700000,1,892368.6120700000,892368.6120700000,0.0033700000
556,1,MS,9.8000000000,1,892320.2799900000,892320.2799900000,0.0032800000
557,1,MS,10.0916700000,1,892270.9613800000,892270.9613800000,0.0033600000
558,1,MS,13.6916700000,1,892206.2641600000,892206.2641600000,0.0045100000
559,1,MS,17.1333300000,1,892122.4410300000,892122.4410300000,0.0059200000
560,1,MS,18.8416700000,1,892030.5305000000,892030.5305000000,0.0067500000
561,1,MS,19.8500000000,1,891933.1520300000,891933.1520300000,0.0073000000
562,1,MS,19.6583300000,1,891840.8501200000,891840.8501200000,0.0071900000
563,1,MS,21.0083300000,1,891739.6021600000,891739.6021600000,0.0079700000
564,1,MS,21.7416700000,1,891635.6454400000,891635.6454400000,0.0084200000
565,1,MS,22.1750000000,1,891527.2581900000,891527.2581900000,0.0086900000
566,1,MS,21.8916700000,1,891421.5554100000,891421.5554100000,0.0085100000
567,1,MS,21.7666700000,1,891313.0686500000,891313.0686500000,0.0084300000
568,1,MS,21.5083300000,1,891205.0011000000,891205.0011000000,0.0082700000
569,1,MS,20.6333300000,1,891099.1610100000,891099.1610100000,0.0077400000
570,1,MS,18.8166700000,1,891005.4337800000,891005.4337800000,0.0067400000
571,1,MS,14.6916700000,1,890935.1750300000,890935.1750300000,0.0048800000
572,1,MS,13.2333300000,1,890871.7953400000,890871.7953400000,0.0043400000
573,1,MS,12.5166700000,1,890810.7027400000,890810.7027400000,0.0041000000
574,1,MS,12.1500000000,1,890751.2419199999,890751.2419199999,0.0039800000
575,1,MS,11.3833300000,1,890694.7856100000,890694.7856100000,0.0037400000
576,1,MS,10.6833300000,1,890641.6952400000,890641.6952400000,0.0035300000
577,1,MS,11.0250000000,1,890586.9159300000,890586.9159300000,0.0036300000
578,1,MS,10.9916700000,1,890532.8816100000,890532.8816100000,0.0036200000
579,1,MS,9.9500000000,1,890483.3704400000,890483.3704400000,0.0033300000
580,1,MS,9.0583300000,1,890437.9377500000,890437.9377500000,0.0030900000
581,1,MS,9.3833300000,1,890391.4826000000,890391.4826000000,0.0031700000
582,1,MS,13.6750000000,1,890327.0661700000,890327.0661700000,0.0045000000
583,1,MS,18.0666700000,1,890237.3355700000,890237.3355700000,0.0063600000
584,1,MS,20.2750000000,1,890136.0088700000,890136.0088700000,0.0075400000
585,1,MS,21.4916700000,1,890027.5223900001,890027.5223900001,0.0082600000
586,1,MS,22.2333300000,1,889918.6340800000,889918.6340800000,0.0087300000
587,1,MS,23.1916700000,1,889803.5991699999,889803.5991699999,0.0093700000
588,1,MS,24.2916700000,1,889683.7418300000,889683.7418300000,0.0101600000
589,1,MS,24.4416700000,1,889561.8977700000,889561.8977700000,0.0102700000
590,1,MS,23.9666700000,1,889445.8383400000,889445.8383400000,0.0099200000
591,1,MS,23.4000000000,1,889331.3203900000,889331.3203900000,0.0095200000
592,1,MS,22.4583300000,1,889224.0367300001,889224.0367300001,0.0088800000
593,1,MS,21.2583300000,1,889122.3570700000,889122.3570700000,0.0081200000
594,1,MS,18.6166700000,1,889038.3385200000,889038.3385200000,0.0066400000
595,1,MS,15.9000000000,1,888968.3489600000,888968.3489600000,0.0053700000
596,1,MS,13.8416700000,1,888908.4126900000,888908.4126900000,0.0045600000
597,1,MS,12.7416700000,1,888852.5731600000,888852.5731600000,0.0041800000
598,1,MS,13.0916700000,1,888795.2058100000,888795.2058100000,0.0043000000
599,1,MS,13.5750000000,1,888735.1114600000,888735.1114600000,0.0044700000
600,1,MS,15.0416700000,1,888668.5405600000,888668.5405600000,0.0050200000
601,1,MS,13.8500000000,1,888608.1133900000,888608.1133900000,0.0045600000
602,1,MS,13.2916700000,1,888551.3944000000,888551.3944000000,0.0043600000
603,1,MS,11.2250000000,1,888503.7067500000,888503.7067500000,0.0036900000
604,1,MS,10.8583300000,1,888458.2252000000,888458.2252000000,0.0035800000
605,1,MS,11.6916700000,1,888409.9607000001,888409.9607000001,0.0038400000
606,1,MS,15.3500000000,1,888347.1006000000,888347.1006000000,0.0051400000
607,1,MS,17.1000000000,1,888276.2508400000,888276.2508400000,0.0059000000
608,1,MS,19.4833300000,1,888194.9725799999,888194.9725799999,0.0070900000
609,1,MS,20.9166700000,1,888106.6994900000,888106.6994900000,0.0079100000
610,1,MS,21.6416700000,1,888018.3333300001,888018.3333300001,0.0083500000
611,1,MS,22.1750000000,1,887928.2572100000,887928.2572100000,0.0086900000
612,1,MS,22.7750000000,1,887837.8072700000,887837.8072700000,0.0090900000
613,1,MS,22.7250000000,1,887747.5264100000,887747.5264100000,0.0090500000
614,1,MS,22.8750000000,1,887657.4547300000,887657.4547300000,0.0091600000
615,1,MS,22.5750000000,1,887566.8450900000,887566.8450900000,0.0089500000
616,1,MS,21.6250000000,1,887481.6635300000,887481.6635300000,0.0083400000
617,1,MS,20.4416700000,1,887400.5685800000,887400.5685800000,0.0076300000
618,1,MS,18.5333300000,1,887329.3786100000,887329.3786100000,0.0066000000
619,1,MS,17.9666700000,1,887258.9724100000,887258.9724100000,0.0063100000
620,1,MS,17.3083300000,1,887191.7980000000,887191.7980000000,0.0060000000
621,1,MS,17.2833300000,1,887123.6600499999,887123.6600499999,0.0059900000
622,1,MS,16.9750000000,1,887057.8874900000,887057.8874900000,0.0058400000
623,1,MS,17.0333300000,1,886991.6640600000,886991.6640600000,0.0058700000
624,1,MS,17.1166700000,1,886926.5592600000,886926.5592600000,0.0059100000
625,1,MS,17.4916700000,1,886860.0898500000,886860.0898500000,0.0060800000
626,1,MS,17.2833300000,1,886796.8018500000,886796.8018500000,0.0059900000
627,1,MS,17.5916700000,1,886733.0308800000,886733.0308800000,0.0061300000
628,1,MS,17.7666700000,1,886670.9454300000,886670.9454300000,0.0062200000
629,1,MS,17.9500000000,1,886609.4548200000,886609.4548200000,0.0063100000
630,1,MS,18.2500000000,1,886549.3791100000,886549.3791100000,0.0064500000
631,1,MS,18.6000000000,1,886489.4643399999,886489.4643399999,0.0066300000
632,1,MS,19.2583300000,1,886429.8358100000,886429.8358100000,0.0069700000
633,1,MS,19.3583300000,1,886371.8504800000,886371.8504800000,0.0070300000
634,1,MS,19.6083300000,1,886316.1568300000,886316.1568300000,0.0071600000
635,1,MS,19.5416700000,1,886262.7461099999,886262.7461099999,0.0071300000
636,1,MS,19.4916700000,1,886212.5469300000,886212.5469300000,0.0071000000
637,1,MS,19.7416700000,1,886163.1259600000,886163.1259600000,0.0072400000
638,1,MS,19.8083300000,1,886116.2247000000,886116.2247000000,0.0072700000
639,1,MS,19.7083300000,1,886071.1748200000,886071.1748200000,0.0072200000
640,1,MS,19.1750000000,1,886030.1682800000,886030.1682800000,0.0069300000
641,1,MS,18.5166700000,1,885992.2802900000,885992.2802900000,0.0065900000
642,1,MS,18.3833300000,1,885956.5531700000,885956.5531700000,0.0065200000
643,1,MS,18.4416700000,1,885921.6444700001,885921.6444700001,0.0065500000
644,1,MS,18.3333300000,1,885888.7054200000,885888.7054200000,0.0065000000
645,1,MS,18.1916700000,1,885857.0734000000,885857.0734000000,0.0064200000
646,1,MS,18.1166700000,1,885827.2110500000,885827.2110500000,0.0063900000
647,1,MS,18.0500000000,1,885798.4412700000,885798.4412700000,0.0063500000
648,1,MS,17.9250000000,1,885771.4520500000,885771.4520500000,0.0062900000
649,1,MS,17.9083300000,1,885745.4163700000,885745.4163700000,0.0062900000
650,1,MS,17.9250000000,1,885720.7985700000,885720.7985700000,0.0062900000
651,1,MS,17.9666700000,1,885697.0173299999,885697.0173299999,0.0063100000
652,1,MS,18.1333300000,1,885674.3627200000,885674.3627200000,0.0064000000
653,1,MS,18.2750000000,1,885652.3840400000,885652.3840400000,0.0064700000
654,1,MS,18.4583300000,1,885631.5165300000,885631.5165300000,0.0065600000
655,1,MS,18.5416700000,1,885611.4335500000,885611.4335500000,0.0066000000
656,1,MS,18.6666700000,1,885592.5230200000,885592.5230200000,0.0066600000
657,1,MS,19.0500000000,1,885573.9595100000,885573.9595100000,0.0068600000
658,1,MS,19.9583300000,1,885555.5479100000,885555.5479100000,0.0073600000
659,1,MS,21.5833300000,1,885535.8584600000,885535.8584600000,0.0083200000
660,1,MS,22.1416700000,1,885517.1018500000,885517.1018500000,0.0086700000
661,1,MS,22.3083300000,1,885499.1482700000,885499.1482700000,0.0087800000
662,1,MS,21.8583300000,1,885483.1679700000,885483.1679700000,0.0084900000
663,1,MS,21.5166700000,1,885468.2112100000,885468.2112100000,0.0082800000
664,1,MS,21.2500000000,1,885454.4251600000,885454.4251600000,0.0081100000
665,1,MS,20.1500000000,1,885441.9507200000,885441.9507200000,0.0074600000
666,1,MS,18.4333300000,1,885431.3414100000,885431.3414100000,0.0065500000
667,1,MS,17.4083300000,1,885421.5056700000,885421.5056700000,0.0060500000
668,1,MS,16.0833300000,1,885412.7578800000,885412.7578800000,0.0054500000
669,1,MS,15.6166700000,1,885404.2606300000,885404.2606300000,0.0052500000
670,1,MS,15.7083300000,1,885395.8267700000,885395.8267700000,0.0052900000
671,1,MS,15.2916700000,1,885387.6454000000,885387.6454000000,0.0051200000
672,1,MS,14.4416700000,1,885380.1338400000,885380.1338400000,0.0047900000
673,1,MS,13.8666700000,1,885372.9729500000,885372.9729500000,0.0045700000
674,1,MS,14.2083300000,1,885365.7774300000,885365.7774300000,0.0047000000
675,1,MS,13.9500000000,1,885358.7825600000,885358.7825600000,0.0046000000
676,1,MS,14.3083300000,1,885351.7875800000,885351.7875800000,0.0047400000
677,1,MS,14.6916700000,1,885344.6749900000,885344.6749900000,0.0048800000
678,1,MS,15.6166700000,1,885337.3135300000,885337.3135300000,0.0052500000
679,1,MS,18.1916700000,1,885328.5282200000,885328.5282200000,0.0064200000
680,1,MS,18.4250000000,1,885320.0849600000,885320.0849600000,0.0065400000
681,1,MS,17.8250000000,1,885312.2442400000,885312.2442400000,0.0062400000
682,1,MS,18.9583300000,1,885304.1386100000,885304.1386100000,0.0068200000
683,1,MS,19.9750000000,1,885295.5199800000,885295.5199800000,0.0073700000
684,1,MS,19.6000000000,1,885287.4133600000,885287.4133600000,0.0071600000
685,1,MS,19.3416700000,1,885279.2531300000,885279.2531300000,0.0070200000
686,1,MS,19.0500000000,1,885271.0758399999,885271.0758399999,0.0068600000
687,1,MS,17.9500000000,1,885262.8809399999,885262.8809399999,0.0063100000
688,1,MS,17.0250000000,1,885254.5896600001,885254.5896600001,0.0058700000
689,1,MS,15.5083300000,1,885246.2587400000,885246.2587400000,0.0052100000
690,1,MS,13.3583300000,1,885238.4736900000,885238.4736900000,0.0043900000
691,1,MS,12.0583300000,1,885230.6290800000,885230.6290800000,0.0039500000
692,1,MS,11.9250000000,1,885222.2087200000,885222.2087200000,0.0039100000
693,1,MS,11.4916700000,1,885213.3932800000,885213.3932800000,0.0037700000
694,1,MS,10.8250000000,1,885204.5976100001,885204.5976100001,0.0035700000
695,1,MS,10.4916700000,1,885195.5609200000,885195.5609200000,0.0034800000
696,1,MS,9.5416700000,1,885186.9410300000,885186.9410300000,0.0032100000
697,1,MS,8.3416700000,1,885178.8568500000,885178.8568500000,0.0029100000
698,1,MS,8.5916700000,1,885170.4585400000,885170.4585400000,0.0029700000
699,1,MS,9.8250000000,1,885160.9404100000,885160.9404100000,0.0032900000
700,1,MS,10.6750000000,1,885150.7090000000,885150.7090000000,0.0035300000
701,1,MS,10.8333300000,1,885140.2206999999,885140.2206999999,0.0035800000
702,1,MS,11.4583300000,1,885129.2791900000,885129.2791900000,0.0037600000
703,1,MS,13.1250000000,1,885116.7281200000,885116.7281200000,0.0043100000
704,1,MS,14.5500000000,1,885103.0141199999,885103.0141199999,0.0048300000
705,1,MS,16.4750000000,1,885087.1623600000,885087.1623600000,0.0056200000
706,1,MS,16.7583300000,1,885071.5529800000,885071.5529800000,0.0057500000
707,1,MS,17.2000000000,1,885055.4936800000,885055.4936800000,0.0059500000
708,1,MS,17.6500000000,1,885039.3694300000,885039.3694300000,0.0061600000
709,1,MS,17.9666700000,1,885022.6338599999,885022.6338599999,0.0063100000
710,1,MS,17.9833300000,1,885005.9740500000,885005.9740500000,0.0063200000
711,1,MS,17.8416700000,1,884988.7592700000,884988.7592700000,0.0062500000
712,1,MS,17.4583300000,1,884971.6448300000,884971.6448300000,0.0060700000
713,1,MS,15.9916700000,1,884955.3720300000,884955.3720300000,0.0054100000
714,1,MS,13.2000000000,1,884941.7614899999,884941.7614899999,0.0043300000
715,1,MS,10.0166700000,1,884930.6065699999,884930.6065699999,0.0033400000
716,1,MS,8.2166700000,1,884920.5924300000,884920.5924300000,0.0028800000
717,1,MS,7.9083300000,1,884910.3659000000,884910.3659000000,0.0028100000
718,1,MS,6.4583300000,1,884901.0310600000,884901.0310600000,0.0024800000
719,1,MS,5.2416700000,1,884892.3206400000,884892.3206400000,0.0022400000
720,1,MS,4.6416700000,1,884883.8593100000,884883.8593100000,0.0021300000
721,1,MS,4.2416700000,1,884875.4776300000,884875.4776300000,0.0020600000
722,1,MS,4.0750000000,1,884867.0884300000,884867.0884300000,0.0020300000
723,1,MS,3.7583300000,1,884858.7772300000,884858.7772300000,0.0019700000
724,1,MS,3.8416700000,1,884850.3241400000,884850.3241400000,0.0019900000
725,1,MS,4.8083300000,1,884841.0259300000,884841.0259300000,0.0021600000
726,1,MS,9.5083300000,1,884827.2815500000,884827.2815500000,0.0032100000
727,1,MS,14.0083300000,1,884807.3737000000,884807.3737000000,0.0046200000
728,1,MS,16.6083300000,1,884783.6557600000,884783.6557600000,0.0056800000
729,1,MS,17.9833300000,1,884757.3725600000,884757.3725600000,0.0063200000
730,1,MS,19.3583300000,1,884729.4265300001,884729.4265300001,0.0070300000
731,1,MS,20.2250000000,1,884699.6738900000,884699.6738900000,0.0075100000
732,1,MS,20.8583300000,1,884669.7683600000,884669.7683600000,0.0078800000
733,1,MS,21.4333300000,1,884638.2108200000,884638.2108200000,0.0082200000
734,1,MS,21.5083300000,1,884607.3369200000,884607.3369200000,0.0082700000
735,1,MS,21.3916700000,1,884575.7919700000,884575.7919700000,0.0082000000
736,1,MS,20.6500000000,1,884546.1988400000,884546.1988400000,0.0077500000
737,1,MS,19.8416700000,1,884517.1713500000,884517.1713500000,0.0072900000
738,1,MS,17.5000000000,1,884492.8094300000,884492.8094300000,0.0060900000
739,1,MS,15.3583300000,1,884471.4333499999,884471.4333499999,0.0051500000
740,1,MS,13.2166700000,1,884453.2429100000,884453.2429100000,0.0043400000
741,1,MS,12.1166700000,1,884436.1524300000,884436.1524300000,0.0039700000
742,1,MS,11.4500000000,1,884419.9140800000,884419.9140800000,0.0037600000
743,1,MS,11.7916700000,1,884402.9307199999,884402.9307199999,0.0038700000
744,1,MS,11.9333300000,1,884385.8688400000,884385.8688400000,0.0039100000
745,1,MS,12.8000000000,1,884367.4109200001,884367.4109200001,0.0042000000
746,1,MS,12.8416700000,1,884349.2065300000,884349.2065300000,0.0042100000
747,1,MS,11.8750000000,1,884332.3499100000,884332.3499100000,0.0038900000
748,1,MS,12.6916700000,1,884314.7451600000,884314.7451600000,0.0041600000
749,1,MS,13.1833300000,1,884296.5118100001,884296.5118100001,0.0043300000
750,1,MS,15.0750000000,1,884279.0411900000,884279.0411900000,0.0050300000
751,1,MS,16.4250000000,1,884256.5397300000,884256.5397300000,0.0056000000
752,1,MS,18.2500000000,1,884255.3012200000,884255.3012200000,0.0064500000
753,1,MS,19.4083300000,1,884228.8807300000,884228.8807300000,0.0070500000
754,1,MS,20.5916700000,1,884228.8884500000,884228.8884500000,0.0077200000
755,1,MS,21.3833300000,1,884215.2538299999,884215.2538299999,0.0081900000
756,1,MS,22.2500000000,1,884215.2625700000,884215.2625700000,0.0087400000
757,1,MS,22.3833300000,1,884209.1112500000,884209.1112500000,0.0088300000
758,1,MS,21.7416700000,1,884209.1196700000,884209.1196700000,0.0084200000
759,1,MS,21.3833300000,1,884209.1278600000,884209.1278600000,0.0081900000
760,1,MS,20.4416700000,1,884209.1354900000,884209.1354900000,0.0076300000
761,1,MS,19.1916700000,1,884209.1424300000,884209.1424300000,0.0069400000
762,1,MS,18.0750000000,1,884209.1488000000,884209.1488000000,0.0063700000
763,1,MS,17.4916700000,1,884209.1548800000,884209.1548800000,0.0060800000
764,1,MS,17.1833300000,1,884209.1608200000,884209.1608200000,0.0059400000
765,1,MS,16.0833300000,1,884209.1662700000,884209.1662700000,0.0054500000
766,1,MS,15.0083300000,1,884209.1712800000,884209.1712800000,0.0050100000
767,1,MS,13.8583300000,1,884209.1758500000,884209.1758500000,0.0045700000
768,1,MS,13.3666700000,1,884209.1802400000,884209.1802400000,0.0043900000
769,1,MS,13.3333300000,1,884209.1846200000,884209.1846200000,0.0043800000
770,1,MS,13.3166700000,1,884209.1889900001,884209.1889900001,0.0043700000
771,1,MS,13.5916700000,1,884209.1934600000,884209.1934600000,0.0044700000
772,1,MS,15.4666700000,1,884209.1986600000,884209.1986600000,0.0051900000
773,1,MS,16.1916700000,1,884209.2041500000,884209.2041500000,0.0055000000
774,1,MS,17.2833300000,1,884209.2101400000,884209.2101400000,0.0059900000
775,1,MS,18.1666700000,1,884209.2165500000,884209.2165500000,0.0064100000
776,1,MS,19.4916700000,1,884209.2236500001,884209.2236500001,0.0071000000
777,1,MS,20.7416700000,1,884209.2314600000,884209.2314600000,0.0078100000
778,1,MS,20.4916700000,1,884209.2391200000,884209.2391200000,0.0076600000
779,1,MS,20.7500000000,1,884209.2469300000,884209.2469300000,0.0078100000
780,1,MS,20.5833300000,1,884209.2546400001,884209.2546400001,0.0077100000
781,1,MS,19.7500000000,1,884209.2618900000,884209.2618900000,0.0072400000
782,1,MS,19.5416700000,1,884209.2690100000,884209.2690100000,0.0071300000
783,1,MS,20.0916700000,1,884209.2764400000,884209.2764400000,0.0074300000
784,1,MS,19.2500000000,1,884209.2834100000,884209.2834100000,0.0069700000
785,1,MS,18.7083300000,1,884209.2901000000,884209.2901000000,0.0066900000
786,1,MS,18.2833300000,1,884209.2965700000,884209.2965700000,0.0064700000
787,1,MS,17.9666700000,1,884209.3028800000,884209.3028800000,0.0063100000
788,1,MS,17.8250000000,1,884209.3091300000,884209.3091300000,0.0062400000
789,1,MS,17.5000000000,1,884209.3152200000,884209.3152200000,0.0060900000
790,1,MS,17.5916700000,1,884209.3213500000,884209.3213500000,0.0061300000
791,1,MS,17.6916700000,1,884209.3275300000,884209.3275300000,0.0061800000
792,1,MS,17.6666700000,1,884209.3337000000,884209.3337000000,0.0061700000
793,1,MS,17.6666700000,1,884209.3398599999,884209.3398599999,0.0061700000
794,1,MS,17.8333300000,1,884209.3461100000,884209.3461100000,0.0062500000
795,1,MS,17.9416700000,1,884209.3524100001,884209.3524100001,0.0063000000
796,1,MS,17.9583300000,1,884209.3587200000,884209.3587200000,0.0063100000
797,1,MS,17.5583300000,1,884209.3648400001,884209.3648400001,0.0061200000
798,1,MS,17.5583300000,1,884209.3709600000,884209.3709600000,0.0061200000
799,1,MS,17.2833300000,1,884209.3769400000,884209.3769400000,0.0059900000
800,1,MS,16.7916700000,1,884209.3827100000,884209.3827100000,0.0057600000
801,1,MS,16.2916700000,1,884209.3882500000,884209.3882500000,0.0055400000
802,1,MS,15.8833300000,1,884209.3936100000,884209.3936100000,0.0053700000
803,1,MS,15.3750000000,1,884209.3987700000,884209.3987700000,0.0051500000
804,1,MS,15.1416700000,1,884209.4038200000,884209.4038200000,0.0050600000
805,1,MS,14.9666700000,1,884209.4088100001,884209.4088100001,0.0049900000
806,1,MS,14.1916700000,1,884209.4135100000,884209.4135100000,0.0046900000
807,1,MS,14.2000000000,1,884209.4182000000,884209.4182000000,0.0046900000
808,1,MS,13.8083300000,1,884209.4227500000,884209.4227500000,0.0045500000
809,1,MS,13.9416700000,1,884209.4273500000,884209.4273500000,0.0046000000
810,1,MS,13.2250000000,1,884209.4316900000,884209.4316900000,0.0043400000
811,1,MS,11.4000000000,1,884209.4354400000,884209.4354400000,0.0037500000
812,1,MS,9.9333300000,1,884209.4387600000,884209.4387600000,0.0033200000
813,1,MS,9.9666700000,1,884209.4420900000,884209.4420900000,0.0033300000
814,1,MS,9.5333300000,1,884209.4453000000,884209.4453000000,0.0032100000
815,1,MS,8.3416700000,1,884209.4482099999,884209.4482099999,0.0029100000
816,1,MS,8.5000000000,1,884209.4511600001,884209.4511600001,0.0029500000
817,1,MS,8.5416700000,1,884209.4541200000,884209.4541200000,0.0029600000
818,1,MS,8.4083300000,1,884209.4570400000,884209.4570400000,0.0029300000
819,1,MS,8.3333300000,1,884209.4599500000,884209.4599500000,0.0029100000
820,1,MS,8.1750000000,1,884209.4628200000,884209.4628200000,0.0028700000
821,1,MS,9.1250000000,1,884209.4659299999,884209.4659299999,0.0031100000
822,1,MS,11.7833300000,1,884209.4697900000,884209.4697900000,0.0038600000
823,1,MS,12.9916700000,1,884209.4740500000,884209.4740500000,0.0042600000
824,1,MS,14.5666700000,1,884209.4788800000,884209.4788800000,0.0048300000
825,1,MS,17.0666700000,1,884209.4847700000,884209.4847700000,0.0058900000
826,1,MS,19.4666700000,1,884209.4918600000,884209.4918600000,0.0070900000
827,1,MS,21.5083300000,1,884209.5001299999,884209.5001299999,0.0082700000
828,1,MS,22.1916700000,1,884209.5088299999,884209.5088299999,0.0087000000
829,1,MS,22.0750000000,1,884209.5174600000,884209.5174600000,0.0086300000
830,1,MS,22.6500000000,1,884209.5264600000,884209.5264600000,0.0090000000
831,1,MS,22.5416700000,1,884209.5354000001,884209.5354000001,0.0089300000
832,1,MS,21.3916700000,1,884209.5435900000,884209.5435900000,0.0082000000
833,1,MS,20.0916700000,1,884209.5510200000,884209.5510200000,0.0074300000
834,1,MS,18.5833300000,1,884209.5576500000,884209.5576500000,0.0066200000
835,1,MS,17.5333300000,1,884209.5637500000,884209.5637500000,0.0061000000
836,1,MS,14.2750000000,1,884209.5684700001,884209.5684700001,0.0047200000
837,1,MS,13.0666700000,1,884209.5727600000,884209.5727600000,0.0042900000
838,1,MS,13.2250000000,1,884209.5771000000,884209.5771000000,0.0043400000
839,1,MS,13.2000000000,1,884209.5814300000,884209.5814300000,0.0043300000
840,1,MS,12.9416700000,1,884209.5856800000,884209.5856800000,0.0042400000
841,1,MS,12.6583300000,1,884209.5898300000,884209.5898300000,0.0041500000
842,1,MS,13.0500000000,1,884209.5941099999,884209.5941099999,0.0042800000
843,1,MS,12.7250000000,1,884209.5982800000,884209.5982800000,0.0041700000
844,1,MS,12.6250000000,1,884209.6024100001,884209.6024100001,0.0041400000
845,1,MS,12.1083300000,1,884209.6063800000,884209.6063800000,0.0039700000
846,1,MS,15.6916700000,1,884209.6116700000,884209.6116700000,0.0052800000
847,1,MS,18.6083300000,1,884209.6183000000,884209.6183000000,0.0066300000
848,1,MS,20.3416700000,1,884209.6258700000,884209.6258700000,0.0075700000
849,1,MS,20.7583300000,1,884209.6336900000,884209.6336900000,0.0078200000
850,1,MS,21.2250000000,1,884209.6417900000,884209.6417900000,0.0081000000
851,1,MS,22.0000000000,1,884209.6503700000,884209.6503700000,0.0085800000
852,1,MS,21.1166700000,1,884209.6584000000,884209.6584000000,0.0080300000
853,1,MS,21.6750000000,1,884209.6667700000,884209.6667700000,0.0083700000
854,1,MS,21.1000000000,1,884209.6747900000,884209.6747900000,0.0080200000
855,1,MS,20.4333300000,1,884209.6824200000,884209.6824200000,0.0076300000
856,1,MS,19.7000000000,1,884209.6896300000,884209.6896300000,0.0072100000
857,1,MS,19.3250000000,1,884209.6966400000,884209.6966400000,0.0070100000
858,1,MS,17.9333300000,1,884209.7029400000,884209.7029400000,0.0063000000
859,1,MS,17.6000000000,1,884209.7090700000,884209.7090700000,0.0061400000
860,1,MS,17.7166700000,1,884209.7152700000,884209.7152700000,0.0061900000
861,1,MS,18.0250000000,1,884209.7216100000,884209.7216100000,0.0063400000
862,1,MS,17.7000000000,1,884209.7277900000,884209.7277900000,0.0061800000
863,1,MS,17.3333300000,1,884209.7338000000,884209.7338000000,0.0060100000
864,1,MS,17.2666700000,1,884209.7397799999,884209.7397799999,0.0059800000
865,1,MS,17.1416700000,1,884209.7457000000,884209.7457000000,0.0059200000
866,1,MS,17.1750000000,1,884209.7516400000,884209.7516400000,0.0059400000
867,1,MS,17.2166700000,1,884209.7576000000,884209.7576000000,0.0059600000
868,1,MS,17.2166700000,1,884209.7635500000,884209.7635500000,0.0059600000
869,1,MS,17.1250000000,1,884209.7694700001,884209.7694700001,0.0059100000
870,1,MS,17.2583300000,1,884209.7754400000,884209.7754400000,0.0059800000
871,1,MS,18.0583300000,1,884209.7818000000,884209.7818000000,0.0063600000
872,1,MS,19.0750000000,1,884209.7886800000,884209.7886800000,0.0068800000
873,1,MS,19.9750000000,1,884209.7960400000,884209.7960400000,0.0073700000
874,1,MS,20.9833300000,1,884209.8039900000,884209.8039900000,0.0079500000
875,1,MS,16.7833300000,1,884209.8097500000,884209.8097500000,0.0057600000
876,1,MS,17.4833300000,1,884209.8158300000,884209.8158300000,0.0060800000
877,1,MS,17.9166700000,1,884209.8221200000,884209.8221200000,0.0062900000
878,1,MS,19.7166700000,1,884209.8293400001,884209.8293400001,0.0072200000
879,1,MS,20.3833300000,1,884209.8369400000,884209.8369400000,0.0076000000
880,1,MS,19.7333300000,1,884209.8441700001,884209.8441700001,0.0072300000
881,1,MS,18.6916700000,1,884209.8508500000,884209.8508500000,0.0066800000
882,1,MS,16.9833300000,1,884209.8567000000,884209.8567000000,0.0058500000
883,1,MS,15.7833300000,1,884209.8620200000,884209.8620200000,0.0053200000
884,1,MS,14.9666700000,1,884209.8670100000,884209.8670100000,0.0049900000
885,1,MS,14.0500000000,1,884209.8716500000,884209.8716500000,0.0046400000
886,1,MS,12.2083300000,1,884209.8756499999,884209.8756499999,0.0040000000
887,1,MS,11.1083300000,1,884209.8793100000,884209.8793100000,0.0036600000
888,1,MS,9.5000000000,1,884209.8825100000,884209.8825100000,0.0032000000
889,1,MS,10.1083300000,1,884209.8858800000,884209.8858800000,0.0033700000
890,1,MS,11.1666700000,1,884209.8895500000,884209.8895500000,0.0036700000
891,1,MS,10.8833300000,1,884209.8931399999,884209.8931399999,0.0035900000
892,1,MS,9.3500000000,1,884209.8963100000,884209.8963100000,0.0031600000
893,1,MS,10.4166700000,1,884209.8997599999,884209.8997599999,0.0034600000
894,1,MS,14.5000000000,1,884209.9045700000,884209.9045700000,0.0048100000
895,1,MS,17.2750000000,1,884209.9105600000,884209.9105600000,0.0059800000
896,1,MS,19.5666700000,1,884209.9177000000,884209.9177000000,0.0071400000
897,1,MS,21.2333300000,1,884209.9258000000,884209.9258000000,0.0081000000
898,1,MS,22.4833300000,1,884209.9346900000,884209.9346900000,0.0088900000
899,1,MS,23.0166700000,1,884209.9439400000,884209.9439400000,0.0092500000
900,1,MS,23.7000000000,1,884209.9536700000,884209.9536700000,0.0097300000
901,1,MS,24.6333300000,1,884209.9640799999,884209.9640799999,0.0104100000
902,1,MS,24.9750000000,1,884209.9747500001,884209.9747500001,0.0106700000
903,1,MS,24.5333300000,1,884209.9850800000,884209.9850800000,0.0103300000
904,1,MS,23.4583300000,1,884209.9946400000,884209.9946400000,0.0095600000
905,1,MS,22.6750000000,1,884210.0036600000,884210.0036600000,0.0090200000
906,1,MS,20.9500000000,1,884210.0115900000,884210.0115900000,0.0079300000
907,1,MS,16.6166700000,1,884210.0172700000,884210.0172700000,0.0056800000
908,1,MS,14.4166700000,1,884210.0220500000,884210.0220500000,0.0047800000
909,1,MS,13.6416700000,1,884210.0265400000,884210.0265400000,0.0044900000
910,1,MS,12.9166700000,1,884210.0307800000,884210.0307800000,0.0042400000
911,1,MS,12.1166700000,1,884210.0347500000,884210.0347500000,0.0039700000
912,1,MS,11.7416700000,1,884210.0386000000,884210.0386000000,0.0038500000
913,1,MS,10.8833300000,1,884210.0421899999,884210.0421899999,0.0035900000
914,1,MS,10.8500000000,1,884210.0457700000,884210.0457700000,0.0035800000
915,1,MS,10.3416700000,1,884210.0492000000,884210.0492000000,0.0034300000
916,1,MS,9.9166700000,1,884210.0525200000,884210.0525200000,0.0033200000
917,1,MS,10.8833300000,1,884210.0561100000,884210.0561100000,0.0035900000
918,1,MS,15.6333300000,1,884210.0613700000,884210.0613700000,0.0052600000
919,1,MS,18.7250000000,1,884210.0680600000,884210.0680600000,0.0066900000
920,1,MS,21.0666700000,1,884210.0760600000,884210.0760600000,0.0080000000
921,1,MS,22.4416700000,1,884210.0849300000,884210.0849300000,0.0088700000
922,1,MS,24.5916700000,1,884210.0953100000,884210.0953100000,0.0103800000
923,1,MS,26.0500000000,1,884210.1068299999,884210.1068299999,0.0115200000
924,1,MS,26.3000000000,1,884210.1185500000,884210.1185500000,0.0117200000
925,1,MS,26.8000000000,1,884210.1307000000,884210.1307000000,0.0121400000
926,1,MS,27.4166700000,1,884210.1433699999,884210.1433699999,0.0126800000
927,1,MS,27.1833300000,1,884210.1558400000,884210.1558400000,0.0124700000
928,1,MS,26.5083300000,1,884210.1677399999,884210.1677399999,0.0119000000
929,1,MS,25.1833300000,1,884210.1785700000,884210.1785700000,0.0108300000
930,1,MS,21.8583300000,1,884210.1870600000,884210.1870600000,0.0084900000
931,1,MS,18.6250000000,1,884210.1936999999,884210.1936999999,0.0066400000
932,1,MS,17.0500000000,1,884210.1995800000,884210.1995800000,0.0058800000
933,1,MS,16.3416700000,1,884210.2051500001,884210.2051500001,0.0055600000
934,1,MS,17.3916700000,1,884210.2111800000,884210.2111800000,0.0060400000
935,1,MS,16.8916700000,1,884210.2169900000,884210.2169900000,0.0058100000
936,1,MS,16.6500000000,1,884210.2226900000,884210.2226900000,0.0057000000
937,1,MS,16.2583300000,1,884210.2282100000,884210.2282100000,0.0055300000
938,1,MS,16.3000000000,1,884210.2337600000,884210.2337600000,0.0055400000
939,1,MS,16.5750000000,1,884210.2394200000,884210.2394200000,0.0056600000
940,1,MS,16.4083300000,1,884210.2450100000,884210.2450100000,0.0055900000
941,1,MS,16.2916700000,1,884210.2505500000,884210.2505500000,0.0055400000
942,1,MS,16.7916700000,1,884210.2563200000,884210.2563200000,0.0057600000
943,1,MS,17.1833300000,1,884210.2622600000,884210.2622600000,0.0059400000
944,1,MS,17.8583300000,1,884210.2685200000,884210.2685200000,0.0062600000
945,1,MS,18.7583300000,1,884210.2752300000,884210.2752300000,0.0067100000
946,1,MS,19.0916700000,1,884210.2821100000,884210.2821100000,0.0068900000
947,1,MS,18.9750000000,1,884210.2889400000,884210.2889400000,0.0068200000
948,1,MS,18.6750000000,1,884210.2956100000,884210.2956100000,0.0066700000
949,1,MS,19.0083300000,1,884210.3024500000,884210.3024500000,0.0068400000
950,1,MS,18.8083300000,1,884210.3091800000,884210.3091800000,0.0067400000
951,1,MS,18.5166700000,1,884210.3157700000,884210.3157700000,0.0065900000
952,1,MS,17.9083300000,1,884210.3220600000,884210.3220600000,0.0062900000
953,1,MS,16.7333300000,1,884210.3277900000,884210.3277900000,0.0057400000
954,1,MS,15.7250000000,1,884210.3330900000,884210.3330900000,0.0053000000
955,1,MS,15.1666700000,1,884210.3381600000,884210.3381600000,0.0050700000
956,1,MS,14.9250000000,1,884210.3431300001,884210.3431300001,0.0049700000
957,1,MS,13.9916700000,1,884210.3477500000,884210.3477500000,0.0046200000
958,1,MS,13.7750000000,1,884210.3522900000,884210.3522900000,0.0045400000
959,1,MS,13.8166700000,1,884210.3568400000,884210.3568400000,0.0045500000
960,1,MS,14.0083300000,1,884210.3614600000,884210.3614600000,0.0046200000
961,1,MS,14.0166700000,1,884210.3660900000,884210.3660900000,0.0046300000
962,1,MS,13.9666700000,1,884210.3707000000,884210.3707000000,0.0046100000
963,1,MS,14.1750000000,1,884210.3753800000,884210.3753800000,0.0046900000
964,1,MS,14.4166700000,1,884210.3801599999,884210.3801599999,0.0047800000
965,1,MS,14.5166700000,1,884210.3849700000,884210.3849700000,0.0048100000
966,1,MS,15.2000000000,1,884210.3900600000,884210.3900600000,0.0050800000
967,1,MS,16.1083300000,1,884210.3955200000,884210.3955200000,0.0054600000
968,1,MS,17.3083300000,1,884210.4015200000,884210.4015200000,0.0060000000
969,1,MS,20.0750000000,1,884210.4089400000,884210.4089400000,0.0074200000
970,1,MS,21.6583300000,1,884210.4173000000,884210.4173000000,0.0083600000
971,1,MS,23.0583300000,1,884210.4265800000,884210.4265800000,0.0092800000
972,1,MS,24.8000000000,1,884210.4371200000,884210.4371200000,0.0105400000
973,1,MS,26.0166700000,1,884210.4486100000,884210.4486100000,0.0114900000
974,1,MS,26.1666700000,1,884210.4602300000,884210.4602300000,0.0116200000
975,1,MS,25.8916700000,1,884210.4716200000,884210.4716200000,0.0113900000
976,1,MS,24.8166700000,1,884210.4821700000,884210.4821700000,0.0105500000
977,1,MS,22.9083300000,1,884210.4913399999,884210.4913399999,0.0091800000
978,1,MS,21.4916700000,1,884210.4996000000,884210.4996000000,0.0082600000
979,1,MS,18.3750000000,1,884210.5061200000,884210.5061200000,0.0065200000
980,1,MS,15.9166700000,1,884210.5115000000,884210.5115000000,0.0053800000
981,1,MS,14.4083300000,1,884210.5162700000,884210.5162700000,0.0047700000
982,1,MS,14.4500000000,1,884210.5210600001,884210.5210600001,0.0047900000
983,1,MS,14.6083300000,1,884210.5259100000,884210.5259100000,0.0048500000
984,1,MS,13.8000000000,1,884210.5304600000,884210.5304600000,0.0045500000
985,1,MS,13.2083300000,1,884210.5347899999,884210.5347899999,0.0043400000
986,1,MS,12.9833300000,1,884210.5390500000,884210.5390500000,0.0042600000
987,1,MS,13.3750000000,1,884210.5434500000,884210.5434500000,0.0043900000
988,1,MS,12.6250000000,1,884210.5475800000,884210.5475800000,0.0041400000
989,1,MS,13.8166700000,1,884210.5521400000,884210.5521400000,0.0045500000
990,1,MS,16.6750000000,1,884210.5578400000,884210.5578400000,0.0057100000
991,1,MS,19.6666700000,1,884210.5650400000,884210.5650400000,0.0071900000
992,1,MS,22.5416700000,1,884210.5739700000,884210.5739700000,0.0089300000
993,1,MS,23.7500000000,1,884210.5837300000,884210.5837300000,0.0097600000
994,1,MS,24.0583300000,1,884210.5937200000,884210.5937200000,0.0099800000
995,1,MS,24.8000000000,1,884210.6042600001,884210.6042600001,0.0105400000
996,1,MS,25.4333300000,1,884210.6152800000,884210.6152800000,0.0110300000
997,1,MS,25.7333300000,1,884210.6265500000,884210.6265500000,0.0112600000
998,1,MS,25.7000000000,1,884210.6377800000,884210.6377800000,0.0112400000
999,1,MS,25.5250000000,1,884210.6488800000,884210.6488800000,0.0111000000
1000,1,MS,24.2750000000,1,884210.6590200000,884210.6590200000,0.0101400000
1001,1,MS,22.4750000000,1,884210.6679100000,884210.6679100000,0.0088900000
1002,1,MS,20.2666700000,1,884210.6754400000,884210.6754400000,0.0075300000
1003,1,MS,16.8750000000,1,884210.6812399999,884210.6812399999,0.0058000000
1004,1,MS,14.9500000000,1,884210.6862300000,884210.6862300000,0.0049800000
1005,1,MS,13.4416700000,1,884210.6906400000,884210.6906400000,0.0044200000
1006,1,MS,12.3000000000,1,884210.6946700000,884210.6946700000,0.0040300000
1007,1,MS,11.6833300000,1,884210.6985100000,884210.6985100000,0.0038300000
